2192217
14927178
7572817
2192199
13606049
13606067
11479873
13924699
10609539
15753471
14883047
11325685
3440328
3440331
3440330
2722309
14589579
12447172
12922545
3438571
14857681
3626148
3137957
2955385
7537144
15753166
15753203
13309936
15748634
13529783
14883061
14742451
15748659
13383448
88
2434914
15879017
15879662
6142392
6142401
6142397
6142508
7069877
15063661
6765611
15157467
14737565
15743233
14913015
14461856
12304720
12304723
15743249
6161024
3060718
5102383
2847330
12305768
15748633
4783274
2390921
7668166
11379445
14532361
14473382
6142402
2539220
14905532
